
应用专用密码：vonrsdfdqkwowmzb
mac1-1100|mac2-1100|balmy-script-110013|mac4-1100|aesthetic-forge-110014|boreal-atom-110014

备用验证码

a404691485@gmail.com



1. 445 34 579          6. 747 12 482
2. 750 16 651          7. 805 08 474
3. 593 47 868          8. 219 59 001
4. 380 39 702          9. 319 36 488
5. 918 41 768         10. 859 89 612


日期：2015-10-11 23:39:22



备用验证码即将用完？可点击以下网址，生成一组新验证码：

https://www.google.com/accounts/SmsAuthConfig

只有最新的一组备用验证码才有效。



请将它们放在容易找到的地方，比如您的钱包里。

每个验证码只能使用一次。

